 
Video Gaming
124
0.850155417782
15
424.99
121
0.688513199535
15
299.9
123
0.401305138192
15
499.99
122
0.401305138192
20
499.99
129
0.834344249832
15
1699.99
125
0.727024454135
15
599.99
127
0.597311994927
10
1499.99
126
0.650517701252
12
819.99
128
0.676023383102
15
849.99
132
0.685614048467
15
1799.99
131
0.475493138928
12
879.99
130
0.335300157432
10
799.99
133
0.45529687653
12
1399.99
 
TV&Home Theater
98
0.782902982601
12
1799.99
91
0.83513136475
12
279.99
92
0.825401493554
12
399.99
97
0.597716558397
8
699.99
96
0.653847623144
8
399.99
94
0.81393009039
12
319.99
95
0.8059403315
12
379.99
93
0.781126268256
12
329.99
105
0.736918666764
12
2499.99
102
0.838598385598
12
479.99
99
0.818521623801
12
449.99
101
0.360978309608
8
499.99
103
0.69527438183
12
899.99
100
0.803178361076
12
699.99
104
0.799872026702
12
1299.99
108
0.905084551578
15
1799.99
106
0.865833328729
15
1099.99
107
0.803179652052
12
1399.99
114
0.826213602775
8
2999.99
119
0.580863499136
15
69.99
117
0.510545896557
10
299.99
115
0.189585316598
8
199.99
116
0.192275030471
8
299.99
120
0.40379192229
10
79.99
118
0.238094173922
8
249.99
109
0.797295228132
15
599.99
111
0.761660088965
8
899.99
110
0.716370507471
8
1399.99
112
0.89367503017
15
1299.99
113
0.865833803204
12
2199.99
86
0.561528098985
8
259.99
88
0.373204226686
8
169.99
89
0.881674485092
10
129.99
90
0.255398530052
12
149.99
87
0.756492500495
10
279.99
 
Computers&Tablets
54
0.741211819307
10
549.0
52
0.681935858038
10
279.99
55
0.357300811297
8
599.0
51
0.382319207117
8
299.0
53
0.501954692549
8
449.0
70
0.752104859107
12
1099.99
64
0.672138643788
12
1299.99
63
0.298896077741
10
229.99
67
0.353464086158
8
599.99
68
0.659692671615
12
1249.99
69
0.510555435179
10
599.99
66
0.425499744994
10
449.99
65
0.503192799158
10
299.99
57
0.56635753732
10
399.99
60
0.545773101909
10
1599.99
59
0.436799046468
8
799.99
56
0.488426496883
8
259.99
58
0.543836283268
10
1099.99
62
0.279655766661
12
219.0
61
0.126926772605
10
189.0
46
0.687954450267
15
679.99
47
0.633551436396
15
949.99
48
0.622684538077
15
1379.99
50
0.606920788279
12
1249.99
49
0.442954710524
10
799.99
84
0.334664132093
10
99.99
85
0.291689812311
10
799.99
75
0.659853478725
15
299.99
72
0.548077243564
15
249.99
73
0.060046502895
12
249.99
76
0.189603018038
12
299.99
71
0.3913759391
8
99.9
74
0.358629215422
12
599.99
77
0.302470466706
12
379.99
78
0.486288283832
15
428.99
81
0.390401852296
12
249.99
82
-0.281432085054
12
69.99
79
0.0673726887441
12
179.99
80
0.249268557154
12
129.99
83
0.149563165535
12
349.99
 
Cell Phones
45
0.772389019051
15
299.99
43
0.662854550206
20
199.99
44
0.443576842757
20
129.99
 
Cameras
42
0.925961210967
20
629.99
41
0.889148938464
20
2199.99
39
0.448985164769
10
1599.99
40
0.584033295295
10
849.99
33
0.853887599406
20
2499.99
34
0.531698447206
10
1499.99
38
0.866938337384
20
399.99
37
0.85364360305
20
449.99
35
0.711835622008
15
1149.99
36
0.793193529883
20
1199.99
 
Appliances
16
0.57224084661
8
629.99
18
0.565116292124
5
1439.99
17
0.368058482174
5
1359.99
14
0.478099916761
5
3329.99
15
0.557259477846
8
719.99
13
0.539533723732
5
1169.99
9
0.657286681768
8
384.99
10
0.311740740643
10
584.99
11
0.62473004017
10
189.99
12
0.499027306737
15
289.99
21
0.718080373485
10
2204.99
23
0.623073420885
8
3149.99
19
0.356249866474
5
2564.99
20
0.531561892529
5
1619.99
22
0.601132162195
8
2474.99
29
0.475561151873
10
699.99
30
0.39591896227
10
499.99
28
0.517675310806
15
249.99
24
0.503192799158
15
299.99
25
0.487989327986
15
449.99
26
0.260228817998
10
279.99
27
0.299135768336
10
499.99
5
0.831269932467
8
499.99
6
0.69603737635
8
499.99
4
0.347590555531
5
809.99
7
0.475203233451
5
656.99
8
0.594857385385
5
679.99
2
0.734773389703
8
719.99
3
0.630723418785
8
809.99
1
0.529744024868
5
629.99
0
0.622361520017
5
679.99
 
Audio
32
0.360960548089
25
219.99
31
0.14457165935
25
249.99
